315,69
315,68
315,67
315,66
315,65
315,64
315,38
315,37
315,36
315,35
315,34
315,33
315,32
315,31
315,30
315,29
315,28
315,27
315,26
315,25
315,24
315,23
315,22
315,21
315,20
315,19
315,18
315,17
315,16
315,15
315,14
315,13
315,12
315,11
315,10
4294967278,342
315,9
315,8
4294967278,341
315,7
4294967278,340
4294967278,339
4294967279,418
4294967279,417
4294967279,416
4294967294,1466
317,8
317,7
317,6
317,5
317,4
317,3
317,2
317,1
317,0
4294967294,1685
316,6
316,5
316,4
316,3
316,2
316,1
316,0
315,6
315,5
315,4
315,3
315,2
315,1
315,0
314,5
314,4
314,3
314,2
314,1
314,0
313,9
313,8
313,7
313,6
313,5
313,4
313,3
313,2
313,1
313,0
4294967294,1516
4294967294,1515
4294967294,1514
4294967294,1488
4294967294,1684
4294967294,1733
4294967294,1732
312,6
312,5
312,4
312,3
312,2
312,1
312,0
4294967294,1731
311,5
311,4
311,3
311,2
311,1
311,0
4294967294,1513
4294967294,1512
4294967294,1478
4294967294,1730
4294967294,1729
310,6
310,5
310,4
310,3
310,2
310,1
310,0
309,6
309,5
309,4
309,3
309,2
309,1
309,0
4294967294,1728
4294967294,1511
308,6
308,5
308,4
308,3
308,2
308,1
308,0
4294967294,1510
307,6
307,5
307,4
307,3
307,2
307,1
307,0
306,7
306,6
306,5
306,4
306,3
306,2
306,1
306,0
4294967278,338
4294967278,337
4294967278,336
4294967279,415
4294967279,414
243,15
4294967279,413
243,14
4294967279,412
243,13
4294967279,411
4294967279,410
4294967279,409
243,12
4294967279,408
4294967279,407
4294967279,406
243,11
4294967279,405
4294967279,404
305,5
305,4
305,3
305,2
305,1
305,0
304,4
304,3
304,2
304,1
304,0
303,5
303,4
303,3
303,2
303,1
303,0
4294967279,403
302,4
302,3
302,2
302,1
302,0
4294967294,1683
301,4
301,3
301,2
301,1
301,0
300,8
300,7
300,6
300,5
300,4
300,3
300,2
300,1
300,0
4294967294,1408
299,4
299,3
299,2
299,1
299,0
298,4
298,3
298,2
298,1
298,0
297,6
297,5
297,4
297,3
297,2
297,1
297,0
296,6
296,5
296,4
296,3
296,2
296,1
296,0
4294967294,1682
295,8
295,7
295,6
295,5
295,4
295,3
295,2
295,1
295,0
4294967294,1681
294,8
294,7
294,6
294,5
294,4
294,3
294,2
294,1
294,0
293,4
293,3
293,2
293,1
293,0
292,4
292,3
292,2
292,1
292,0
4294967294,1493
291,4
291,3
291,2
291,1
291,0
290,6
290,5
290,4
290,3
290,2
290,1
290,0
4294967294,1680
289,16
289,15
289,14
289,13
289,12
289,11
289,10
289,9
289,8
289,7
289,6
289,5
289,4
289,3
289,2
289,1
289,0
4294967294,1423
288,7
288,6
288,5
288,4
288,3
288,2
288,1
288,0
287,7
287,6
287,5
287,4
287,3
287,2
287,1
287,0
4294967294,1679
286,11
286,10
286,9
286,8
286,7
286,6
286,5
286,4
286,3
286,2
286,1
286,0
4294967294,1678
4294967294,975
285,7
285,6
285,5
285,4
285,3
285,2
285,1
285,0
284,4
284,3
284,2
284,1
284,0
283,6
283,5
283,4
283,3
283,2
283,1
283,0
282,5
282,4
282,3
282,2
282,1
282,0
281,4
281,3
281,2
281,1
281,0
4294967294,1677
280,4
280,3
280,2
280,1
280,0
279,4
279,3
279,2
279,1
279,0
278,11
278,10
278,9
278,8
278,7
278,6
278,5
278,4
278,3
278,2
278,1
278,0
4294967294,1676
4294967279,402
277,4
277,3
277,2
277,1
277,0
276,7
276,6
276,5
276,4
276,3
276,2
276,1
276,0
4294967294,1480
275,4
275,3
275,2
275,1
275,0
274,5
274,4
274,3
274,2
274,1
274,0
273,5
273,4
273,3
273,2
273,1
273,0
4294967294,1675
272,11
272,10
272,9
272,8
272,7
272,6
272,5
272,4
272,3
272,2
272,1
272,0
4294967294,1674
271,8
271,7
271,6
271,5
271,4
271,3
271,2
271,1
271,0
4294967294,1467
270,5
270,4
270,3
270,2
270,1
270,0
4294967294,1491
4294967294,1673
269,6
269,5
269,4
269,3
269,2
269,1
269,0
268,8
268,7
268,6
268,5
268,4
268,3
268,2
268,1
268,0
4294967294,1442
267,6
267,5
267,4
267,3
267,2
267,1
267,0
266,9
266,8
266,7
266,6
266,5
266,4
266,3
266,2
266,1
266,0
265,6
265,5
265,4
265,3
265,2
265,1
265,0
264,6
264,5
264,4
264,3
264,2
264,1
264,0
263,6
263,5
263,4
263,3
263,2
263,1
263,0
262,6
262,5
262,4
262,3
262,2
262,1
262,0
4294967279,401
261,6
261,5
261,4
261,3
261,2
261,1
261,0
4294967294,1468
260,6
260,5
260,4
260,3
260,2
260,1
260,0
259,6
259,5
259,4
259,3
259,2
259,1
259,0
258,6
258,5
258,4
258,3
258,2
258,1
258,0
257,6
257,5
257,4
257,3
257,2
257,1
257,0
256,6
256,5
256,4
256,3
256,2
256,1
256,0
255,6
255,5
255,4
255,3
255,2
255,1
255,0
4294967279,400
254,6
254,5
254,4
254,3
254,2
254,1
254,0
253,6
253,5
253,4
253,3
253,2
253,1
253,0
4294967279,399
252,6
252,5
252,4
252,3
252,2
252,1
252,0
251,6
251,5
251,4
251,3
251,2
251,1
251,0
4294967279,398
250,6
250,5
250,4
250,3
250,2
250,1
250,0
249,10
249,9
249,8
249,7
249,6
249,5
249,4
249,3
249,2
249,1
249,0
4294967294,1672
248,4
248,3
248,2
248,1
248,0
4294967279,397
247,6
247,5
247,4
247,3
247,2
247,1
247,0
246,10
246,9
246,8
246,7
246,6
246,5
246,4
246,3
246,2
246,1
246,0
4294967294,1671
245,4
245,3
245,2
245,1
245,0
244,10
244,9
244,8
244,7
244,6
244,5
244,4
244,3
244,2
244,1
244,0
243,10
243,9
243,8
243,7
243,6
243,5
243,4
243,3
243,2
243,1
243,0
4294967294,1670
242,4
242,3
242,2
242,1
242,0
241,7
241,6
241,5
241,4
241,3
241,2
241,1
241,0
240,7
240,6
240,5
240,4
240,3
240,2
240,1
240,0
239,4
239,3
239,2
239,1
239,0
238,4
238,3
238,2
238,1
238,0
237,13
237,12
237,11
237,10
237,9
237,8
237,7
237,6
237,5
237,4
237,3
237,2
237,1
237,0
4294967294,1479
4294967294,1669
236,12
236,11
236,10
236,9
236,8
236,7
236,6
236,5
236,4
236,3
236,2
236,1
236,0
4294967294,1668
4294967294,1424
235,11
235,10
235,9
235,8
235,7
235,6
235,5
235,4
235,3
235,2
235,1
235,0
234,7
234,6
234,5
234,4
234,3
234,2
234,1
234,0
4294967294,1463
4294967294,1464
233,6
233,5
233,4
233,3
233,2
233,1
233,0
232,9
232,8
232,7
232,6
232,5
232,4
232,3
232,2
232,1
232,0
231,5
231,4
231,3
231,2
231,1
231,0
230,7
230,6
230,5
230,4
230,3
230,2
230,1
230,0
4294967279,396
4294967279,395
4294967279,394
4294967279,393
4294967294,1505
4294967294,1485
4294967278,335
167,15
4294967278,334
4294967278,333
167,14
167,13
167,12
4294967278,332
4294967278,331
4294967278,330
167,11
229,5
229,4
229,3
229,2
229,1
229,0
4294967294,1582
4294967294,1581
228,4
228,3
228,2
228,1
228,0
227,5
227,4
227,3
227,2
227,1
227,0
226,4
226,3
226,2
226,1
226,0
4294967294,1667
225,4
225,3
225,2
225,1
225,0
4294967294,1509
4294967294,1508
224,8
224,7
224,6
224,5
224,4
224,3
224,2
224,1
224,0
223,4
223,3
223,2
223,1
223,0
222,4
222,3
222,2
222,1
222,0
221,6
221,5
221,4
221,3
221,2
221,1
221,0
220,6
220,5
220,4
220,3
220,2
220,1
220,0
4294967294,1507
4294967294,1666
219,8
219,7
219,6
219,5
219,4
219,3
219,2
219,1
219,0
4294967294,1665
218,8
218,7
218,6
218,5
218,4
218,3
218,2
218,1
218,0
217,4
217,3
217,2
217,1
217,0
216,4
216,3
216,2
216,1
216,0
215,4
215,3
215,2
215,1
215,0
4294967294,1664
4294967294,1506
214,6
214,5
214,4
214,3
214,2
214,1
214,0
4294967294,1600
213,16
213,15
213,14
213,13
213,12
213,11
213,10
213,9
213,8
213,7
213,6
213,5
213,4
213,3
213,2
213,1
213,0
4294967294,1580
212,7
212,6
212,5
212,4
212,3
212,2
212,1
212,0
211,7
211,6
211,5
211,4
211,3
211,2
211,1
211,0
4294967294,1504
4294967294,1579
210,11
210,10
210,9
210,8
210,7
210,6
210,5
210,4
210,3
210,2
210,1
210,0
4294967294,1578
4294967294,1577
4294967294,1503
4294967294,974
209,7
209,6
209,5
209,4
209,3
209,2
209,1
209,0
208,4
208,3
208,2
208,1
208,0
4294967294,1502
207,6
207,5
207,4
207,3
207,2
207,1
207,0
4294967294,1576
4294967294,1575
4294967294,1501
4294967294,1500
206,5
206,4
